$ANSIBLE_VAULT;1.1;AES256
34326163363036316266626538396665363230393535336230353066653464656437623136613733
3366613665333263373262333235303464363538666165300a373965356133316130323934303331
32643036666161613130343866396237346336633136373666656334643031623865383962336265
3735323533653230320a303337326265316563643266313938303635626564313036666265303362
31313033336434336232363964346236353938366339656236356535373031626661383136313439
36386531303439336138636136376566333733666362613533353866376633393932343531386435
39633233616635363866653664626232393235353236633033376538323838613066366330333439
30663533353965323732303932626438383535303539363632333935343030306263663463313137
62393564333464616239366564623234326634356135393661643933643063363238333931376534
62333132343133303861663632393433313335343365643339646338383530613137306266623864
37356266333132626539393361646638383438616538333565663661653364653062393564636333
62633763306566373563626562343362356262613138316663643539613530313261366234373864
62316165356632356438636466633937356330623563366265363631623630353436316332663163
65376439383936333937346530626231356234323332343435363532316261363161633531616435
37383137616665366431653638363430396264353765336134333531363366613163383234396430
31663237643031386632393135336561376137393363353334633264386234623465366339623634
32363130646638623961313963353366613038626462313862616266656662363332356632636532
30333565346361633039353330656431346239376338373435316362393464623738623064616234
35613832636635636566666431636434393332376537373730303338303964366535623964316432
30393437303135633238353634313430303730636639666537633031373037633531653631336633
61393663373630626130333332623364356334656335323331303138646435626634313461626264
33323066363538323664356132336265386630616666663037643461643235653730666133333436
66353765393137316566643332633739653561373033343362313733383066343165313164636430
34393962613739336165333638623565613237633239336363666365383263363866313133663463
64333565336462346533323461333639636564373332303164303765376130303534393331383939
39663533393061666430383130333737663530616333336538306333353437356637396666326363
34316637366363653135396236613437393364333935383632343565636439376266343666653038
66643538376538353830383830666561323762376164623130353532663732626464303963346635
37623561663564616332303231373736373933333934313331626165343433363966663364653732
35623038653564353932613438613862663337343337386566316366353234383964383663373638
36316235303761366430353537333265313436386665373431323038333735346235343863313666
63326364653465653863363433316166663063376237646234636462643466313666346539613636
35356138393662343864316239656132353936303230323139333438386164316262333965663265
32663663363536613862316463356632356366646333656630356637633436663264356230356461
61613563356430636137306262376261666638656234353662313664663264343538326533643162
32623832616662653961306565396237346439636466616333333736396439626331373137663138
35396435383438363964313232376538663666623431373334633437363561643135366333666364
37623531323466353465663366623664343036666566653032663331383538653864346633626338
66376335613735653432656361663164346437363139303236373162366663323063653463663662
39653930336332626165643761323939616161383232383161633561303432613338626539623438
31353733386132313730383662373631313734306365643430303437323663353564333164646666
62323332613039303334313462643230343138613334373764333639356330316630373461363038
33626164303931393734366331613836383037373539653731346130313831373334313666376334
30323738343934636434653534616363326236343236666165633536313233646531613333636131
33646335353863636131303530653138373038393939333636623465613765383138613530323364
38373530343965343866383832386539353832613038613431396563653534363031303539663861
34613862643839643636656361613331656534323738323662343439336234396233646433623065
62323564383035383936653264623861356635646435643262373630636631623465373537396632
61316430643166306265653237343063386236666562643039303964306463386235396462663931
62363030313337363239623862383833353234386531613266396132336133396430396562343937
30376265313133306231646132343139323831643433363463363438643435646562313930363462
31333566303630336437363735663539313331636561323336343461336265663663353133376362
34643862366438373438303035353235363837613561633564333365386537363463653737353131
32336361353834613166643862633933373665346131656339323632323535643337383035623765
61383239643631656539363164653461333731336635663861613535643631643561363861633066
33383763336434616366356231663932353338373935646534613136363631356661306266353230
38326131383661383763316635326333623662386237336164666534313936373064646664386335
37646364363362333261643964636662356635653433626334323764386238386633383761356136
36633439653165343038363266316539353830333466353766616464623765626133383235623137
61323165663933633037303436663130386364653735643436633536333530333266643661363564
66346566383036373638376165363633633936626235643039346132653563323138333762373863
39656133633561653130646232373437313835373630366632346635613266313930333336396139
39336362366231643930393036623838366661343861343534626662616462323835386337353136
63353261383631386362666434663539613038376439646333653439393633646163343065663931
62653963353830643165636562373837313638333364383830623532336664363765633831393361
62643538663237323836626163643938383062643662383331366565306233393737343765343339
63303934623262383064363262616563343831663030656637353737646433643130363932316638
63636366393037663463306634616262663335303635363839316564323739333530376230376435
36386635656565353264323335313866393536303164386665333062303432316466623132666666
39616631313837633535626363326335333562613436303765393466343536623866333833663631
66316636343363343536316235386161643633633739306335363037343930633030643863653566
36656338653531373633663039636163643161333936346364376431616433396531663263623933
32646139316663663831666632623030656139653230303364373765336661393262623263373536
61633662343561623730326438306333663466633661623431363136366634666361323034653736
63306263366234386238393564366466306535376634623562626634373961626438356532646563
61663737653465666535313763666237373934643731326434323136383064343531383063356663
63663934313234303637653139626435616264323032353564663161633339346135356364323231
33343735653261306139386331393866613266656239623832316534316664323566643465323031
35653732616463643236323335646261383365633763646230616439646434333664636339623830
63373963343065663535313935616334396531666538626136323661333866313538373433666563
30323134623638353437633038633237366366363663656464636563653462363863653530343864
64373961656632373733616634613564386138323462336535623766323736383938303137376564
33376433383866326562373638616161613638306361343335656565306532386261343539336332
31353538656132633432666363393334653837303232613965643632343733636539656135386433
34623162633139666436326336333530383664383637383366326430643163396362643966323866
32353764363435373663643430653138633239303531656665326365343731653663336237333537
34313034643736656433323633303435666166626663613036656364623562356437396463643031
34383630663138366665
